2850000
2850000.0
2850000.0
2850000.0
2850000.0
2850000.0
2850000.0
2850000.0
2850000.0
2850000.0
2850000.0
2850000.0
2850000.0
2850000.0
2850000.0
2850000.0
2850000.0
2850000.0
2850000.0
2850000.0
2850000.0
2850000.0
2850000.0
2850000.0
2850000.0
2850000.0
2850000.0
2850000.0
2850000.0
2850000.0
2850000.0
2850000.0
2850000.0
2850000.0
2850000.0
2850000.0
2850000.0
2850000.0
2850000.0
2850000.0
2850000.0
2850000.0
2850000.0
2850000.0
2850000.0
2850000.0
2850000.0
2850000.0
2850000.0
2850000.0
2850000.0
2850000.0
2850000.0
2850000.0
2850000.0
2850000.0
2850000.0
2850000.0
2850000.0
2850000.0
2850000.0
2850000.0
2850000.0
2850000.0
2850000.0
2850000.0
2850000.0
2850000.0
2850000.0
2850000.0
2850000.0
2850000.0
2850000.0
2850000.0
2850000.0
2850000.0
2850000.0
2850000.0
2850000.0
2850000.0
2850000.0
2850000.0
2850000.0
2850000.0
2850000.0
2850000.0
2850000.0
2850000.0
2850000.0
2850000.0
2850000.0
2850000.0
2850000.0
2850000.0
2850000.0
2850000.0
2850000.0
2850000.0
2850000.0
2850000.0
2850000.0
2850000.0
2850000.0
2850000.0
2850000.0
2850000.0
2850000.0
2850000.0
2850000.0
2850000.0
2850000.0
2850000.0
2850000.0
2850000.0
2850000.0
2850000.0
2850000.0
2850000.0
2850000.0
2850000.0
1564200.0
1190800.0
1267890.0
1267890.0
1529190.0
3517080.0
3627180.0
2945770.0
2850000.0
2850000.0
2850000.0
2850000.0
2850000.0
2850000.0
2850000.0
2850000.0
2850000.0
2850000.0
2850000.0
2850000.0
2850000.0
2850000.0
2850000.0
2850000.0
2850000.0
2850000.0
2850000.0
2850000.0
2850000.0
2850000.0
2850000.0
2850000.0
2850000.0
2850000.0
2850000.0
2850000.0
2850000.0
2850000.0
2850000.0
2850000.0
2850000.0
2850000.0
2850000.0
2850000.0
2850000.0
2850000.0
2850000.0
2850000.0
2850000.0
2850000.0
2850000.0
2850000.0
2850000.0
2850000.0
2850000.0
2850000.0
2850000.0
2850000.0
2850000.0
2850000.0
2850000.0
2850000.0
2850000.0
2850000.0
2850000.0
2850000.0
2850000.0
2850000.0
2850000.0
2850000.0
2850000.0
2850000.0
2850000.0
2850000.0
2850000.0
2850000.0
2850000.0
2850000.0
2850000.0
2850000.0
2850000.0
2850000.0
2850000.0
2850000.0
2850000.0
2850000.0
2850000.0
2850000.0
2850000.0
2850000.0
2850000.0
2850000.0
2850000.0
2850000.0
2850000.0
2850000.0
2850000.0
2850000.0
2850000.0
2850000.0
2850000.0
2850000.0
2850000.0
2850000.0
2850000.0
2850000.0
2850000.0
2850000.0
2850000.0
2850000.0
2850000.0
2850000.0
2850000.0
2850000.0
2850000.0
2850000.0
2850000.0
2850000.0
2850000.0
2850000.0
1371540.0
528460.0
525330.0
524910.0
516480.0
506280.0
501030.0
501300.0
501000.0
503970.0
