2850000.0
2850000.0
2850000.0
2850000.0
2850000.0
2850000.0
2850000.0
2850000.0
2850000.0
2850000.0
2850000.0
2850000.0
2850000.0
2850000.0
2850000.0
2850000.0
2850000.0
2850000.0
2850000.0
2850000.0
2850000.0
2850000.0
2850000.0
2850000.0
2850000.0
2850000.0
2850000.0
2850000.0
2850000.0
2850000.0
2850000.0
2850000.0
2850000.0
2850000.0
2850000.0
2850000.0
2850000.0
2850000.0
2850000.0
2850000.0
2850000.0
2850000.0
2850000.0
2850000.0
2850000.0
2850000.0
2850000.0
2850000.0
2850000.0
2850000.0
2850000.0
2850000.0
2850000.0
2850000.0
2850000.0
2850000.0
2850000.0
2850000.0
2850000.0
2850000.0
2850000.0
2850000.0
2850000.0
2850000.0
2850000.0
2850000.0
2850000.0
2850000.0
2850000.0
2850000.0
2850000.0
2850000.0
2850000.0
2850000.0
2850000.0
2850000.0
2850000.0
2850000.0
2850000.0
2850000.0
2850000.0
2850000.0
2850000.0
2850000.0
2850000.0
2850000.0
2850000.0
2850000.0
2850000.0
2850000.0
2850000.0
2850000.0
2850000.0
2850000.0
2850000.0
2850000.0
2850000.0
2850000.0
2850000.0
2850000.0
2850000.0
2850000.0
2850000.0
2850000.0
2850000.0
2850000.0
2850000.0
2850000.0
2850000.0
2850000.0
2850000.0
2850000.0
2850000.0
2850000.0
2850000.0
2850000.0
2850000.0
2850000.0
2850000.0
2850000.0
1564200.0
1190800.0
1267890.0
917110.0
1529190.0
3517080.0
3503730.0
2850000.0
2850000.0
2850000.0
2850000.0
2850000.0
2850000.0
2850000.0
2850000.0
2850000.0
2850000.0
2850000.0
2850000.0
2850000.0
2850000.0
2850000.0
2850000.0
2850000.0
2850000.0
2850000.0
2850000.0
2850000.0
2850000.0
2850000.0
2850000.0
2850000.0
2850000.0
2850000.0
2850000.0
2850000.0
2850000.0
2850000.0
2850000.0
2850000.0
2850000.0
2850000.0
2850000.0
2850000.0
2850000.0
2850000.0
2850000.0
2850000.0
2850000.0
2850000.0
2850000.0
2850000.0
2850000.0
2850000.0
2850000.0
2850000.0
2850000.0
2850000.0
2850000.0
2850000.0
2850000.0
2850000.0
2850000.0
2850000.0
2850000.0
2850000.0
2850000.0
2850000.0
2850000.0
2850000.0
2850000.0
2850000.0
2850000.0
2850000.0
2850000.0
2850000.0
2850000.0
2850000.0
2850000.0
2850000.0
2850000.0
2850000.0
2850000.0
2850000.0
2850000.0
2850000.0
2850000.0
2850000.0
2850000.0
2850000.0
2850000.0
2850000.0
2850000.0
2850000.0
2850000.0
2850000.0
2850000.0
2850000.0
2850000.0
2850000.0
2850000.0
2850000.0
2850000.0
2850000.0
2850000.0
2850000.0
2850000.0
2850000.0
2850000.0
2850000.0
2850000.0
2850000.0
2850000.0
2850000.0
2850000.0
2850000.0
2850000.0
2850000.0
2850000.0
2850000.0
1371540.0
433460.0
525330.0
234670.0
516480.0
148520.0
501030.0
163970.0
501000.0
164000.0
