3448313
3607905
3607898
3607871
3598479
3385306
3373659
3373646
3373682
3387111
3734545
3754239
3754271
3754271
3742368
3509728
3500000
3500000
3500000
3504307
3652040
3661661
3661893
3661600
3653421
3523972
3520415
3520416
3520381
3525605
3695827
3706677
3706655
3706710
3699377
3554742
3548620
3548694
3548659
3543745
3494315
3494055
3494250
3494265
3505979
3800253
3815365
3815396
3815396
3800857
3448113
3429572
3429572
3429572
3433672
3560383
3568737
3568732
3568737
3559554
3376485
3367653
3367681
3367681
3381130
3726987
3746310
3746525
3746428
3737766
3593993
3589591
3589559
3589557
3585102
3496258
3492097
3492167
3492062
3492629
3534765
3538482
3538482
3538477
3548903
3829503
3844779
3844716
3844685
3831729
3560758
3549172
3549140
3549140
3551099
3646660
3653733
3653846
3653733
3659833
3830694
3839874
3839873
3839874
3830567
3627474
3618479
3618484
3618451
3619932
3691089
3696369
3696348
3696348
3692217
3639536
3639030
3639096
3639060
3541846
1564226
1267911
1267912
1267899
1529193
3517098
3627181
3627205
3627147
3625730
3633966
3636375
3636387
3636308
3632523
3590857
3590745
3590782
3590714
3585728
3507692
3506027
3505763
3505853
3506864
3590174
3597220
3597220
3597244
3593532
3544524
3543642
3543586
3543620
3544364
3597108
3601796
3601722
3601796
3597803
3536903
3535190
3535172
3535155
3535172
3543137
3543917
3544000
3543965
3546941
3668272
3676754
3676788
3676788
3662033
3371021
3358000
3358007
3358000
3368152
3629333
3644581
3644615
3644648
3636622
3469507
3461554
3461373
3461413
3469225
3640936
3649633
3649632
3649666
3647598
3632187
3632953
3632953
3632953
3625536
3517844
3515381
3515312
3515416
3515034
3557049
3561506
3561477
3561472
3557739
3488846
3485894
3485909
3485929
3491118
3672947
3685099
3685148
3685115
3680701
3605091
3602668
3602677
3602711
3609493
3817460
3829526
3829556
3829526
3822246
3648628
3640234
3640267
3640268
3631204
3446418
3437829
3437836
3437836
3311628
1371568
544173
525343
524937
516493
506306
501031
501319
501028
503974
511457
518458
519106
519105
527883
544054
555151
555422
555285
540701
517733
503499
503215
502984
506426
514249
521417
522035
521769
520187
519778
521028
521343
521370
529704
545024
555466
555725
555621
552525
549789
549590
549781
549790
543644
533134
526600
526482
526378
527911
532316
536143
536375
536177
531786
526769
524760
524964
524614
518560
511855
508878
509180
509299
518690
534541
544983
545083
545070
536980
524368
516689
516576
516568
521928
531797
538787
539010
537212
393501
