1071.99559748
1031.86048298
1546.8332256
1820.87203119
1622.14197531
1435.32401656
1623.49434738
1495.02558048
1740.67703272
1815.06622517
1919.78720238
1975.32271945
1966.37456446
1995.51753636
2044.2805145
1473.51776385
1463.5590093
1552.47052642
1263.7955408
2292.46728791
1517.4468264
1056.17542393
1196.28593097
982.916684424
1104.16778344
1884.61824761
1806.81047429
1648.20512821
1704.21809225
1429.31868701
1337.84346332
1233.38001867
1206.0397295
1016.30411975
963.409536892
882.063207469
861.12601399
655.393611796
507.016200635
603.667524379
763.108302646
884.242429753
1165.85447277
1045.83644798
1007.05686206
1503.96804734
1541.32514058
1053.80826331
1178.61228092
1203.59403559
1222.17236992
966.271076757
966.96376258
694.020799028
541.3196572
594.72002338
593.711849957
590.615830999
611.049861975
608.176020746
726.292547181
1013.88149675
1216.88461538
1215.43069307
1221.25836386
1019.70502646
884.89019662
1023.11095318
935.557847381
1111.07792208
1617.66526519
1496.9011544
1196.33382425
1186.51082251
1479.97863696
1112.05283512
1370.59316034
1405.7977208
1367.90488714
1069.1147382
981.235932742
989.942111996
1207.46317685
996.833867431
1003.46829875
950.552150765
1350.81869982
1317.07300275
1176.70138889
1255.56902357
1117.37214845
1245.61096311
1008.91494723
933.742149244
1543.23356688
1113.5517859
936.92240077
785.516599712
592.447903731
748.563442439
1230.68526463
1062.22175261
1238.99691422
987.23686454
1157.29486086
1535.79243911
1326.93430335
1377.34821429
1943.6993865
2216.02934363
1848.50949269
1485.36681329
1135.93617021
937.432054105
1264.55421808
1061.66573902
1304.10912833
1088.47507513
1202.8931975
920.015879442
891.791180394
869.341488362
1005.77893008
811.05881198
738.138894541
1034.62126224
1027.14358812
1116.08620246
953.726383206
1004.89973925
880.290130922
1117.13972491
1256.96743997
1063.50130191
1134.91012691
1043.37126165
1412.09185124
1148.89550105
1646.10869179
1395.94831673
994.011019312
1273.70677006
1191.90963423
1316.31440488
1051.78135932
1156.3789505
924.371181579
605.932928799
854.845523156
1769.96358005
1402.11754317
1071.25714286
1272.78700422
950.755175
735.528627287
906.094342978
858.596424458
727.281411702
788.235058286
792.164375099
969.4725788
1083.92291421
1333.24034403
1008.71577278
748.538117352
713.859155846
575.219234155
606.565630552
878.487453483
939.565406653
783.810133945
893.114861593
1004.77916566
908.270928269
1349.63331779
999.10624924
659.217781688
578.016810749
638.765702612
955.820752613
893.139829297
791.026801151
943.006610738
806.973929965
556.964791821
394.707298292
366.952327989
379.060404576
429.540170095
537.357407838
592.277823003
665.985168413
787.92803931
732.31247329
572.804752055
505.303641457
490.898426331
503.592578611
505.234261982
431.192459239
349.022301637
293.796704024
250.929075051
241.683676596
231.798849222
223.349840369
216.040410718
212.555262938
211.072001993
207.797141397
205.831968297
203.791001558
203.599135618
206.381312382
207.146595481
208.64502636
210.371013448
211.583690043
213.870275667
218.326125098
222.558312276
226.168467441
228.189973881
234.569412762
232.167087181
226.889607507
220.748061318
217.777858945
213.593721245
214.997405703
250.392759074
304.680970247
478.035405713
822.776164873
988.467110126
1072.12182689
1053.91772449
763.470852369
580.689187451
612.244096313
622.065994724
718.211410196
912.141005924
1187.10450742
1069.06733237
833.868078
868.937581143
1261.1549661
1069.64472026
1217.52076355
1087.04157288
1294.5312712
1313.11818182
1061.32112332
1644.85887702
1353.82940869
1056.45874284
994.943527787
1293.7571634
1312.01861472
1040.1188048
1165.81639666
1148.02743222
1130.00949588
1521.1757026
1509.94042317
1125.75925107
1523.43094329
1274.931878
1078.66511765
1599.35824989
1438.23117623
1243.99852071
1293.30134086
1301.10666751
1083.58906443
1689.77925708
1620.19907331
1159.43143813
979.905411045
1517.52259837
1692.67184943
1271.52638142
1265.76394759
1349.6519174
1270.34350074
1050.32843235
1006.53212264
1359.04562333
1128.63899014
1348.82817875
1342.79379252
1114.41050335
1627.97272956
1412.69442062
1044.56536405
1252.01158777
1285.20927249
1088.59727217
888.36006371
793.55379265
1219.47277447
1239.80438842
1345.17806382
1373.243083
1186.63994169
1033.80325422
973.236188811
1134.96128082
1266.71540881
1312.50554271
1015.84038094
1006.89981654
1195.91885918
1133.59832366
1282.21244488
1242.52445471
1166.15129201
1390.65495824
974.44123929
