349980
1999980
1999980
1999980
1999980
1999980
1999980
1999980
1999980
1999980
1999980
1999980
1999980
1999980
1999980
1999980
1999980
1999980
1999980
1999980
1999980
1999980
1999980
1999980
1999980
1999980
1999980
1999980
1999980
1999980
1999980
1999980
1999980
1999980
1999980
1999980
1999980
1999980
1999980
1999980
1999980
1999980
1999980
1999980
1999980
1999980
1999980
1999980
1999980
1999980
1999980
1999980
1999980
1999980
1999980
1999980
1893630.0
1896210.0
1874070.0
1931310.0
1978860.0
1501290.0
1981890.0
2258640.0
1858620.0
1231350.0
1900440.0
1393020.0
1784340.0
1571040.0
1847670.0
2097420.0
1999980
1999980
1988400.0
2011560.0
1999980
1655790.0
2344170.0
1824870.0
1795740.0
2379330.0
1999980
1326420.0
2558310.0
2115210.0
1999980
1999980
1566360.0
1721160.0
1933230.0
1566360.0
1836750.0
2059950.0
2286630.0
2029440.0
1999980
1999980
1999980
1293930.0
1275540.0
1535910.0
1544562.0
1327740.0
2172240.0
1999980
1672740.0
1510650.0
1993740.0
1900710.0
1694850.0
1989810.0
1642290.0
2448990.0
2146080.0
1999980
1999980
1999980
1999980
1999980
1956840.0
2043120.0
1999980
1903560.0
2096400.0
1819410.0
2115030.0
2063250.0
2002230.0
1999980
1999980
1999980
1999980
1999980
1533840.0
1793010.0
1662330.0
1956840.0
2252190.0
2070870.0
2230800.0
1999980
1999980
1999980
1999980
1999980
1577220.0
1267770.0
1557030.0
1930650.0
1801410.0
1995720.0
1895940.0
1948380.0
2131920.0
1533840.0
1727400.0
1132562.0
1581990.0
1495830.0
1340940.0
1074840.0
1044720.0
1289430.0
1083540.0
806310.0
740310.0
866850.0
711870.0
599400.0
725970.0
954900.0
478110.0
308430.0
357420.0
284100.0
199530.0
308130.0
8370.0
845940.0
2141220.0
2678580.0
2204130.0
1721010.0
2644620.0
2300460.0
2542530.0
2376990.0
2679030.0
2304132.0
1999980
1828500.0
1516980.0
1422510.0
2252460.0
1151910.0
1551030.0
1792380.0
2013420.0
1817730.0
