2700467.53247
3612451.54845
4185510.48951
4760423.57642
4200221.58548
4946285.71429
4716691.30869
4393238.76124
4776314.96063
4360439.56044
4891620.37962
4252022.26345
4508963.03696
4366833.16683
3842154.68608
3645275.24752
4279344.65534
4137262.73726
4145191.65839
3452995.005
3883659.40594
3786138.61386
4229667.66169
3623458.16733
3786523.07692
2961931.53153
3244356.43564
3809246.75325
2978333.66633
3674222.22222
4126305.69431
3918577.42258
3743648.35165
3729849.09265
4213770.22977
4672959.04096
4081169.23077
3869650.79365
3514053.94605
3481254.74525
3250793.65079
3019049.9002
3032999.001
3076731.26873
2708803.18091
2748739.26074
2621079.36508
2781538.46154
2247769.15423
2721885.99034
2973794.20579
2553403.36967
2486353.64635
2553403.36967
2370316.19048
2033550.44955
1893650.79365
1896237.62376
1874093.90609
1931329.00834
1978885.11489
1501304.26165
1981898.50746
2258658.70647
1858621.37862
1231365.07937
1900455.08982
1393038.96104
1784347.82609
1571053.67793
1847688.31169
3406891.08911
2934601.3986
2311416.58342
1988413.7931
2621317.36527
2256751.24875
1655794.87179
2439259.70149
1824887.12871
1795768.46307
2914456.92884
2232142.57426
1326447.52475
2558337.66234
2335018.64573
2290819.80198
2099148.85115
1566382.55699
1721163.20475
1933243.56436
1566382.55699
1836755.24476
2059956.04396
2286630.23679
2055416.58342
2249704.65808
2182525.4902
2317552.94118
1293940.59406
1275549.46131
1535937.80369
1957018.98102
1327762.14073
2274077.92208
2067365.07937
1672759.24076
1510653.46535
1993758.41584
1900736.63366
1694859.40594
1989818.18182
1642307.23489
2449006.99301
2289550.44955
2631936.50794
2497126.87313
2176787.83026
2503033.66337
2680910.89109
1956852.32904
2055416.58342
2149956.43564
1903560.78431
2286320.79208
1819428.57143
2115044.59861
2063271.28713
2314782.95342
2158654.79723
2286320.79208
2355148.85115
2531710.60456
2362170.29703
1533843.40932
1793022.97702
1662352.47525
1956852.32904
2252211.78821
2070889.11089
2336475.71853
2934601.3986
2377714.28571
2053107.38916
2389333.33333
2035086.05341
1577228.93954
1267770.29703
1557034.96503
1930656.09514
1801432.2453
1995734.39049
1895952.04795
1948388.61629
2131948.05195
1533843.40932
1727424.57542
1271772.32581
1582003.9604
1495843.13725
1340964.42688
1074857.14286
1044720.79208
1289441.58416
1083564.35644
806336.633663
740329.411765
866851.485149
711891.262136
599425.242718
725988.118812
954917.647059
478135.92233
308431.48688
357440.92219
284123.076923
199540.594059
308132.038835
8391.83360491
845964.774951
2141240.83251
2678601.3986
2204134.65347
1721030.96903
2644620.82515
2300483.51648
2542556.98712
2377014.98501
2679056.49158
2374618.76248
2423270.56492
1828507.93651
1516990.09901
1422531.69347
2252467.53247
1151936.69634
1551032.70565
1792380.19802
2013436.20178
1817733.33333
2252392.46779
2030841.15884
2249704.65808
2267972.68293
2684377.35849
2273650.79365
2175872.38285
2345010.83032
2589718.81188
2355833.66337
2406323.73386
1933397.74557
2613002.997
2462019.96008
2338793.65079
2412400.39643
2684581.60237
2409814.18581
2401554.01388
2388340.59406
2656735.26474
2002222.22222
2351177.86561
2443086.14232
2645802.1978
2375654.90196
2420747.25275
2317071.42857
2645802.1978
2108701.68484
2103688.31169
2299433.10208
1673188.11881
1609411.76471
315303.754266
4067865.34653
1809552.47525
1452925.4902
687356.2316
814285.714286
22540.3267412
152207.633588
1191704.2957
3623384.61538
4224703.2967
4240175.82418
4323371.76938
4738557.44256
3988715.28472
4027908.09191
3831112.88711
4051403.57853
3656183.81618
3863912.08791
3203398.84393
3742796.0396
3276863.36634
2951794.05941
3008951.43707
3128205.51855
3594656.09514
3437522.47752
3077079.36508
3273526.47353
3831112.88711
3940443.55644
3902222.22222
3920047.57185
3448455.54446
3294993.32698
3471904.9505
4038841.15884
3465043.47826
3289892.64414
3984175.82418
3918577.42258
3957090.18831
4421498.5015
3874845.15485
4260507.93651
4119912.08791
4162793.65079
3973242.75724
3412247.50499
4101719.96028
3474509.80392
4126305.69431
4060707.29271
4097650.79365
3612451.54845
3216705.08475
4388699.3007
4607936.50794
3981736.89416
4191207.13578
4596427.57243
4649909.27022
4850372.1393
3852979.02098
3828580.39216
3568719.28072
3284459.54046
3831112.88711
4541762.23776
4284115.42289
3616991.00899
4399632.36763
4314785.71429
4235944.11178
4564507.93651
4672959.04096
4367009.98004
4960285.99801
4469770.22977
4414790.04975
4305894.52736
3775940.13096
4016975.02498
4468784.15842
4359138.22688
4716691.30869
4740773.30716
4655632.36763
4739675.24752
3359315.65441
3406891.08911
4519896.1039
4399632.36763
3724111.31725
3995108.89111
4344967.03297
3984175.82418
3362701.09235
3861988.11881
3507660.33966
3247571.85332
4344967.03297
3721124.75248
3348507.93651
3371046.48863
3470329.67033
3402793.65079
3393790.20979
4006794.84638
4480727.27273
4465230.76923
3360991.00899
3670648.11133
1835722.77228
1094400.0
741322.772277
1289441.58416
1038641.35864
78208.6707956
795500.990099
693481.188119
660974.257426
622305.882353
631384.615385
281726.732673
294149.019608
390083.168317
222933.333333
823508.910891
650138.613861
877687.128713
611295.049505
606796.039604
1007714.85149
227236.436705
1575643.56436
2699781.52929
3350057.94206
3481254.74525
3424507.93651
3218837.16284
3233544.55446
2998097.12587
2926377.7336
2686023.90438
2735081.18812
2344998.0198
3434091.81637
3776447.55245
3427908.63952
3120463.53646
2672713.5778
2595676.32368
3568719.28072
2718793.65079
2253813.86139
1989396.07843
1807481.90476
1560332.67327
1484483.16832
1219298.31516
1549497.0297
1952981.20673
1919569.23077
2524704.9505
2204134.65347
2858069.93007
3907644.35564
3131365.07937
2726873.12687
2523365.07937
2849774.25743
2070889.11089
2267684.31568
2262793.65079
2142881.11888
2092755.24476
2639408.59141
2746857.14286
2497278.72128
3294222.22222
3579652.34765
2420747.25275
2045650.79365
2361542.45754
23343.1878896
63818.3753104
986139.079334
3251660.33966
4169514.37066
4231409.18164
3554746.3838
3273526.47353
4159104.8951
3929510.48951
4221275.07448
3666194.36876
4332210.10902
4191904.0959
4082573.42657
3791920.07992
3813883.97247
3863912.08791
3883659.40594
3952586.71952
3601518.48152
3599159.56392
3798313.68631
4071640.35964
3793650.79365
4030787.63709
3867066.53426
3718139.72056
4043365.07937
4148171.82817
4235636.36364
3993436.70265
3885778.22178
3995108.89111
3699606.75273
4075356.86275
4111265.46906
4049774.22577
4177795.43198
3741727.1028
4100343.31337
4122187.62475
4014776.56405
3860055.88822
2726055.90062
3837079.36508
2464058.7156
2959265.52655
2773924.75248
1815849.3558
2396803.16518
2125890.98117
1841294.70529
2107419.60784
2670843.69748
3247571.85332
3710849.15085
1843885.03469
1294641.35864
1420876.11497
1502510.89109
1460854.29142
1771642.02335
1626957.38355
1507257.48503
1830361.63836
2156521.73913
2549221.05263
2158430.12884
2897615.84158
2505708.58283
2697079.36508
2730582.17822
3032999.001
3290957.38355
3371924.07592
2311416.58342
1958793.65079
2407409.18164
2985714.28571
2781538.46154
2890869.13087
2956467.53247
2656285.99801
2243576.84631
2605714.28571
2231796.4775
2327936.50794
2836203.7962
3798313.68631
2012368.79433
1847688.31169
1851729.14622
2405274.72527
2045650.79365
1344767.23277
1186759.16749
1585294.70529
1131405.94059
1202637.36264
1248571.42857
578215.628091
397377.821394
688783.216783
977334.641806
764787.401575
582247.011952
1137038.96104
1430304.9505
1395397.04433
913813.121272
479066.14786
317058.941059
488087.215064
122407.207207
249219.80198
433425.742574
525741.176471
535720.27972
478135.92233
629090.188305
355044.660194
666917.082917
1033600.0
867837.462834
298958.155423
1208451.93261
397768.172888
371353.293413
396988.235294
300423.529412
354070.588235
357222.551929
195856.17104
340709.433962
64313.4182174
145488.921713
629714.285714
1212391.69139
1837542.12091
2344998.0198
2339676.32368
2206232.74162
1914001.99402
1854915.25424
1522997.02676
1705558.44156
1303992.14917
1825822.17782
1479611.49653
1618093.90609
2049022.97702
2547404.5954
2102021.84707
2106613.86139
2431656.34366
2886329.67033
2414817.46032
2584743.25674
2108701.68484
2817267.32673
2300483.51648
2021930.62438
2102964.70588
1922400.0
2561710.89109
2070310.28037
1701294.54545
1952981.20673
1702882.06145
911096.134787
332531.468531
596551.040634
1694625.37463
2497278.72128
2119548.06739
2424847.05882
1186759.16749
1784347.82609
1578793.65079
1948486.64688
1588247.50499
1782339.62264
1316507.49251
1473647.52475
1218091.08911
1465030.96903
1219269.15521
1343425.1497
1355797.81962
917354.268891
1029386.13861
563453.465347
611576.470588
893021.782178
1616479.04192
1859234.88603
1454097.9021
1274793.65079
2787932.06793
2106613.86139
1837542.12091
1126588.23529
1852227.77223
1856188.23529
1555536.17443
2022617.38262
1699164.83516
2464571.42857
2092755.24476
2258312.87129
1724574.82656
1458637.36264
2123786.13861
2639408.59141
2045650.79365
2300483.51648
2483821.60555
2311416.58342
1808495.5045
2479329.34132
2321685.88469
1961558.44156
2164747.25275
1902620.41625
1624086.02151
2230345.65435
2228011.89296
1157748.50299
1239976.02398
2456150.9434
1928759.24076
2043623.38949
2513869.30693
2737806.19381
2562877.12288
2326569.7446
2611701.96078
2285010.98901
1880927.65114
2299464.07767
2547404.5954
2213018.98102
2219365.07937
2654732.67327
2193299.0099
1803215.84158
1913286.71329
1841294.70529
2128000.0
2254499.002
2241079.36508
1982707.69231
2373005.94059
2409814.18581
2369014.8662
2672207.79221
3115924.07592
2724151.69661
2323996.0199
2333282.71728
2297156.43564
2508211.78821
2759484.63826
2962629.70297
3153262.73726
2707936.50794
2672215.78422
2527207.13578
1828534.93014
2195472.74529
2784760.39604
2869002.997
3448455.54446
3598662.73353
3573258.74126
3874845.15485
3579652.34765
2412400.39643
2715067.88991
3572963.33003
2852598.61249
1909681.50346
1826695.73835
1540023.9521
1915365.07937
2554469.90291
3199503.39476
3973242.75724
3174793.65079
2436066.66667
2689534.46553
1251988.10704
2327359.05045
1935159.56392
1797562.43756
2125890.98117
1906893.10689
2212662.04163
2010854.90196
1835722.77228
2011684.31568
1761617.44301
2044483.51648
2191152.84715
2230222.22222
2650341.65834
2557211.88119
2191152.84715
2773079.36508
2708266.66667
2713409.90099
3149954.41031
3022065.93407
2981748.50299
3412247.50499
2887379.72167
2333282.71728
2325629.33598
2453354.45545
2295944.05594
1644491.50849
2444825.14735
2470873.12687
2303936.57086
3270259.48104
3494940.13739
4410565.43457
3736722.93942
4388699.3007
3721782.21778
4751309.80392
4902209.90099
4026653.43259
5044683.31668
4472097.28718
4869754.24575
4242331.33733
4043388.61139
4699455.80933
4158667.98811
3710849.15085
3301803.76611
3500945.59842
2892507.93651
2656601.38477
2640174.43013
2541010.98901
3798313.68631
4049774.22577
3438776.56405
2978333.66633
3907644.35564
4185510.48951
4148171.82817
3743078.45084
3557786.21379
4134703.09654
4875816.36727
4552695.3047
4004444.44444
4148171.82817
5121214.78521
4471301.5873
5411001.99601
4388854.29142
4952271.45709
4618219.56088
5552990.01996
4458837.16284
4982993.06244
5153405.18962
5155293.65079
5744399.6004
4792261.64519
4749490.50949
4293328.04757
4006041.95804
3670580.77304
4148171.82817
4433774.28852
4465230.76923
4417085.82834
4736397.21946
3240903.0969
5116103.79242
4197343.93638
5055624.37562
4863360.63936
4946285.71429
4693100.29791
5208679.32068
4928959.04096
5230545.45455
4775896.1039
5307076.92308
4528206.96517
4995960.07984
4410698.60279
4823793.24056
4757375.12243
4683892.10789
4810283.43313
4823515.39225
5085751.68431
5072415.16966
4961758.24176
5121214.78521
4178557.62082
3039392.60739
2672207.79221
4563608.78244
5052246.52087
4458837.16284
4892777.667
4127554.67197
3826933.59762
4344967.03297
4082573.42657
4334033.96603
3733015.87302
4038817.18282
3194245.33857
3011132.86713
3066222.22222
2956467.53247
2982755.20317
2311416.58342
2791357.49265
2870793.65079
2748739.26074
2683140.85914
2787908.17264
2754981.16947
3011132.86713
3142329.67033
2982349.7053
4187720.55888
3044507.93651
2266904.05539
2945534.46553
3920047.57185
4093506.49351
3336724.37811
3533399.8006
3439398.0198
2845600.0
2022617.38262
1805002.97324
3022065.93407
4197900.9901
3366882.06145
3339124.87512
3852979.02098
3587365.07937
3973242.75724
3957090.18831
3820179.82018
3688617.82178
3724812.68583
3612451.54845
3929510.48951
3624444.44444
3515247.52475
4410565.43457
4642154.45545
4010581.41858
3739365.07937
3710689.31069
2184777.00694
3849133.73253
4651365.07937
3798313.68631
3678049.95005
3657015.87302
3448455.54446
3404723.27672
3503120.87912
3557786.21379
3072318.09145
2550875.24752
2886329.67033
3224938.96714
4451888.44622
4624606.78643
3511365.07937
2978333.66633
3043932.06793
2997205.58882
3543625.87065
3054865.13487
2572546.53465
3215648.70259
2726873.12687
2996166.99801
3065798.2018
3492187.81219
3656183.81618
3739365.07937
3237493.01397
3036663.3565
2650341.65834
2660722.3301
3382857.14286
2908503.21396
2998949.49495
3371924.07592
4154954.09182
3254021.84707
2497286.71329
3004447.96829
2290819.80198
2854273.26733
3590585.41459
3345189.29633
3011132.86713
3800737.36373
3065798.2018
3590585.41459
3565650.79365
3262593.40659
3273526.47353
2726945.49058
2748739.26074
3164195.8042
3820179.82018
3137590.45726
2672207.79221
2398881.11888
2469079.36508
2897262.73726
3011936.50794
2726873.12687
3011132.86713
3174793.65079
2851450.04946
3475345.88702
3535920.07992
3128261.64519
1651516.83168
1701196.0396
1950625.37463
2748638.2557
3104991.00899
3192396.63237
3360991.00899
3442806.73935
3240727.27273
2926353.39806
3156297.32408
3182882.23553
2869002.997
3196995.005
2996166.99801
2737806.19381
3098589.41059
3533079.36508
3612451.54845
4061050.54509
3595124.87512
3083428.57143
2705006.99301
2957650.79365
3043932.06793
2661274.72527
2223952.04795
2649142.85714
2429301.96078
2464479.52048
2390707.63132
2650341.65834
2917891.69675
2230345.65435
2300483.51648
2628323.67632
2216494.56976
2798865.13487
3579652.34765
2901802.1978
2667153.92254
3032999.001
2650341.65834
3120507.93651
3014927.50745
2991235.05976
4082573.42657
5022817.18282
3139193.61277
4163644.35564
3842045.95405
3834384.84546
3248415.16966
3630793.65079
3255192.07921
2737806.19381
3043932.06793
4716691.30869
3156210.52632
3229794.20579
3109530.46953
3648888.00793
3273526.47353
3022793.65079
2908451.48515
2745996.00798
3153262.73726
3032999.001
2767713.71769
2934601.3986
1309295.18856
594925.074925
1793022.97702
1332784.15842
1611700.2997
2319380.33764
2361542.45754
2366081.91808
2596788.8999
2978333.66633
3641650.79365
2081822.17782
3546853.14685
3678049.95005
4016975.02498
3004067.52731
3382857.14286
2606609.39061
3054865.13487
3098597.4026
3892091.54229
3098597.4026
3861988.11881
4454297.7023
4207376.62338
3536587.88481
4180971.02897
4585494.50549
4775896.1039
4104439.56044
4344967.03297
4530842.31537
4473689.24303
2934601.3986
3918577.42258
4026158.73016
4465230.76923
3428562.37624
3370222.22222
4902553.44655
4076179.82018
4410565.43457
4366833.16683
3491052.11406
2978333.66633
3550691.92423
3094886.63594
3098721.96041
3036987.11596
2737806.19381
3590585.41459
3429699.44341
3481254.74525
3153262.73726
3083428.57143
3260147.57282
4100343.31337
3500507.93651
3437522.47752
4607360.63936
4196443.55644
4563628.37163
3920858.84692
3021914.08591
2005442.55744
2824562.9336
2813746.06117
3148723.27672
2311416.58342
2265040.715
3196995.005
2911333.99405
2250016.20162
2110081.91808
1577325.3493
2543094.33962
2572546.53465
1917826.17383
1867428.57143
1817612.77445
2267684.31568
2282264.15094
2191129.57468
1781544.55446
2744199.8002
2230222.22222
2245818.18182
1967952.04795
1891702.67592
1946077.30426
1913286.71329
1413132.67327
1661826.17383
1633079.36508
1569614.24332
1651516.83168
1052307.69231
1453415.26264
1065046.95305
1105235.64356
1052099.10803
1239762.37624
1048526.94611
1161053.04519
828007.920792
870424.830262
1236487.6115
1294641.35864
1377490.58474
1191920.79208
698892.307692
563453.465347
526550.943396
268235.294118
681970.326409
785443.012884
1027708.29171
1399183.34985
1393038.96104
1426677.88057
1589834.16583
1778806.73935
1552458.95153
1963195.24281
1830361.63836
1715309.81888
1478037.73585
1549399.8006
882186.138614
818344.965105
618064.264849
1216878.43137
1163800.97561
1099844.77612
364800.0
573113.72549
1025325.44379
1432629.92126
1358954.45545
1722867.32673
1348118.81188
1950415.84158
1841294.70529
1388336.96729
1098854.90196
2022617.38262
1067448.95937
719862.726406
590117.647059
1301034.96503
1872223.55289
1842797.64244
973042.957043
315644.885083
1965750.49505
2733266.73327
2223952.04795
2147420.57942
2884512.41311
2832601.9802
2908195.8042
2869002.997
2661274.72527
2917116.18669
2431680.31968
2052000.0
1142241.58416
1432231.76823
1143381.56591
1475964.03596
1269026.75917
1293940.59406
793810.444874
672655.609756
371724.275724
407717.647059
502938.613861
381647.502356
332938.174681
585124.752475
1430304.9505
1666365.63437
1755069.67615
1948486.64688
1685692.76511
2623936.06394
2322325.67433
1814075.24752
664231.213873
585124.752475
1480479.52048
2950216.0555
2134379.24152
1535365.07937
1831223.76238
352433.898305
1326447.52475
2474544.7619
2448855.44554
948643.137255
1224427.72277
1498376.99681
1760603.77358
1557034.96503
1713728.444
1738201.9802
1845844.31138
1263936.50794
1738357.64236
1744329.73503
2102114.85149
1764763.23676
1941502.4777
1402297.0297
2130030.76923
2208479.52048
2366081.91808
2197650.79365
2295944.05594
1978545.09415
1940615.38462
2361542.45754
1710431.37255
2190969.27651
1239762.37624
1716491.50849
1577228.93954
1733702.9703
1729078.29534
1966009.79432
1950415.84158
1532324.75248
2075209.58084
1946005.94648
2327936.50794
1803956.04396
1344951.43707
811930.097087
193699.115044
1607160.83916
1742897.1029
1769714.28571
1393038.96104
1594418.23588
1642858.28343
1900000.0
1633566.43357
1863346.18916
1786112.75964
1487509.39664
1357142.85714
1571168.31683
1229042.95704
1639960.03996
1283772.10216
1343619.80198
856015.841584
1488982.17822
1977885.71429
1180771.22877
1878494.20161
3146296.72447
2416207.79221
1707385.53023
1987853.89931
1917267.13009
2038089.91009
2603131.81368
1987421.78218
2352798.40319
2184431.13772
2234656.06362
2628475.52448
2922180.37661
2170896.4253
2212662.04163
1614215.20237
1388176.99115
1380625.74257
2131948.05195
1742897.1029
